{
 "cells": [
  {
   "cell_type": "markdown",
   "metadata": {},
   "source": [
    "# Hierarchical Agglomerative Clustering"
   ]
  },
  {
   "cell_type": "code",
   "execution_count": 1,
   "metadata": {
    "collapsed": true
   },
   "outputs": [],
   "source": [
    "import pandas as pd\n",
    "import numpy as np\n",
    "\n",
    "from copy import copy, deepcopy"
   ]
  },
  {
   "cell_type": "code",
   "execution_count": 2,
   "metadata": {},
   "outputs": [],
   "source": [
    "class HAC(object):\n",
    "    def __init__(self, columns, proximities, link_type):\n",
    "        self.__columns = copy(columns)\n",
    "        self.__proximities = deepcopy(proximities)\n",
    "        if link_type == 'single':\n",
    "            self.__link = self.__single_link\n",
    "        elif link_type == 'complete':\n",
    "            self.__link = self.__complete_link\n",
    "        elif link_type == 'average':\n",
    "            self.__link = self.__average_link\n",
    "        self.__fill_table()\n",
    "    \n",
    "    def __single_link(self, from_here, to_here):\n",
    "        return [min(self.__proximities[i][to_here], self.__proximities[i][from_here]) for i in range(len(self.__proximities[to_here]))]\n",
    "    \n",
    "    def __complete_link(self, from_here, to_here):\n",
    "        output = []\n",
    "        for i in range(len(self.__proximities[to_here])):\n",
    "            if i == from_here or i == to_here:\n",
    "                output.append(0)\n",
    "            else:\n",
    "                output.append(max(self.__proximities[i][to_here], self.__proximities[i][from_here]))\n",
    "        return output\n",
    "        #return [max(self.__proximities[i][to_here], self.__proximities[i][from_here]) for i in range(len(self.__proximities[to_here]))]\n",
    "    \n",
    "    def __average_link(self, from_here, to_here):\n",
    "        output = []\n",
    "        for i in range(len(self.__proximities[to_here])):\n",
    "            if i == from_here or i == to_here:\n",
    "                output.append(0)\n",
    "            else:\n",
    "                output.append((self.__proximities[i][to_here] + self.__proximities[i][from_here])/2)\n",
    "        return output\n",
    "    \n",
    "    def __update_proximities(self, merged_data, from_here, to_here):\n",
    "        self.__proximities[to_here] = merged_data\n",
    "        \n",
    "        for i, value_list in enumerate(self.__proximities):\n",
    "            self.__proximities[i][to_here] = merged_data[i]\n",
    "        for i, value_list in enumerate(self.__proximities):\n",
    "            del self.__proximities[i][from_here]\n",
    "        del self.__proximities[from_here]\n",
    "    \n",
    "    def __fill_table(self):\n",
    "        for i in range(len(self.__proximities)):\n",
    "            for j in range(len(self.__proximities[i])):\n",
    "                self.__proximities[j][i] = self.__proximities[i][j]\n",
    "    \n",
    "    def merge(self):\n",
    "        minimums = {'value': float(\"Inf\"), 'row': 0, 'column': 0}\n",
    "        \n",
    "        for i in range(len(self.__proximities)):\n",
    "            for j in range(len(self.__proximities)):\n",
    "                if i == j: continue\n",
    "                if self.__proximities[i][j] < minimums['value']:\n",
    "                    minimums['value'] = self.__proximities[i][j]\n",
    "                    minimums['row'] = i\n",
    "                    minimums['column'] = j\n",
    "        to_here = min(minimums['column'], minimums['row'])\n",
    "        from_here = max(minimums['column'], minimums['row'])\n",
    "        self.__columns[to_here] = '%s_%s' % (self.__columns[to_here], self.__columns[from_here])\n",
    "        self.__columns.remove(self.__columns[from_here])\n",
    "        \n",
    "        merged_data = self.__link(from_here, to_here)\n",
    "        self.__update_proximities(merged_data, from_here, to_here)\n",
    "    \n",
    "    def display(self):\n",
    "        data = []\n",
    "        for i, val in enumerate(self.__columns):\n",
    "            data.append([val,self.__proximities[i]])\n",
    "        return pd.DataFrame.from_items(data,\n",
    "                         orient='index', columns=self.__columns)"
   ]
  },
  {
   "cell_type": "markdown",
   "metadata": {},
   "source": [
    "## Main"
   ]
  },
  {
   "cell_type": "markdown",
   "metadata": {},
   "source": [
    "## Example usage with data from the 2017 trial exam"
   ]
  },
  {
   "cell_type": "code",
   "execution_count": 3,
   "metadata": {
    "collapsed": true
   },
   "outputs": [],
   "source": [
    "columns = [\"BOS\",\"NY\",\"DC\",\"MIA\",\"CHI\",\"SEA\", \"SF\",\"LA\",\"DEN\"]\n",
    "proximities = [\n",
    "    [0,206,429,1504, 963,2976,3095,2979,1949],\n",
    "    [0,  0,233,1308, 802,2815,2934,2786,1771],\n",
    "    [0,  0,  0,1075, 671,2684,2799,2631,1616],\n",
    "    [0,  0,  0,   0,1329,3273,3053,2687,2037],\n",
    "    [0,  0,  0,   0,   0,2013,2142,2054, 996],\n",
    "    [0,  0,  0,   0,   0,   0, 808,1131,1307],\n",
    "    [0,  0,  0,   0,   0,   0,   0, 379,1235],\n",
    "    [0,  0,  0,   0,   0,   0,   0,   0,1059],\n",
    "    [0,  0,  0,   0,   0,   0,   0,   0,   0],\n",
    "]"
   ]
  },
  {
   "cell_type": "markdown",
   "metadata": {},
   "source": [
    "### Single Link merging"
   ]
  },
  {
   "cell_type": "code",
   "execution_count": 4,
   "metadata": {},
   "outputs": [
    {
     "data": {
      "text/html": [
       "<div>\n",
       "<style>\n",
       "    .dataframe thead tr:only-child th {\n",
       "        text-align: right;\n",
       "    }\n",
       "\n",
       "    .dataframe thead th {\n",
       "        text-align: left;\n",
       "    }\n",
       "\n",
       "    .dataframe tbody tr th {\n",
       "        vertical-align: top;\n",
       "    }\n",
       "</style>\n",
       "<table border=\"1\" class=\"dataframe\">\n",
       "  <thead>\n",
       "    <tr style=\"text-align: right;\">\n",
       "      <th></th>\n",
       "      <th>BOS</th>\n",
       "      <th>NY</th>\n",
       "      <th>DC</th>\n",
       "      <th>MIA</th>\n",
       "      <th>CHI</th>\n",
       "      <th>SEA</th>\n",
       "      <th>SF</th>\n",
       "      <th>LA</th>\n",
       "      <th>DEN</th>\n",
       "    </tr>\n",
       "  </thead>\n",
       "  <tbody>\n",
       "    <tr>\n",
       "      <th>BOS</th>\n",
       "      <td>0</td>\n",
       "      <td>206</td>\n",
       "      <td>429</td>\n",
       "      <td>1504</td>\n",
       "      <td>963</td>\n",
       "      <td>2976</td>\n",
       "      <td>3095</td>\n",
       "      <td>2979</td>\n",
       "      <td>1949</td>\n",
       "    </tr>\n",
       "    <tr>\n",
       "      <th>NY</th>\n",
       "      <td>206</td>\n",
       "      <td>0</td>\n",
       "      <td>233</td>\n",
       "      <td>1308</td>\n",
       "      <td>802</td>\n",
       "      <td>2815</td>\n",
       "      <td>2934</td>\n",
       "      <td>2786</td>\n",
       "      <td>1771</td>\n",
       "    </tr>\n",
       "    <tr>\n",
       "      <th>DC</th>\n",
       "      <td>429</td>\n",
       "      <td>233</td>\n",
       "      <td>0</td>\n",
       "      <td>1075</td>\n",
       "      <td>671</td>\n",
       "      <td>2684</td>\n",
       "      <td>2799</td>\n",
       "      <td>2631</td>\n",
       "      <td>1616</td>\n",
       "    </tr>\n",
       "    <tr>\n",
       "      <th>MIA</th>\n",
       "      <td>1504</td>\n",
       "      <td>1308</td>\n",
       "      <td>1075</td>\n",
       "      <td>0</td>\n",
       "      <td>1329</td>\n",
       "      <td>3273</td>\n",
       "      <td>3053</td>\n",
       "      <td>2687</td>\n",
       "      <td>2037</td>\n",
       "    </tr>\n",
       "    <tr>\n",
       "      <th>CHI</th>\n",
       "      <td>963</td>\n",
       "      <td>802</td>\n",
       "      <td>671</td>\n",
       "      <td>1329</td>\n",
       "      <td>0</td>\n",
       "      <td>2013</td>\n",
       "      <td>2142</td>\n",
       "      <td>2054</td>\n",
       "      <td>996</td>\n",
       "    </tr>\n",
       "    <tr>\n",
       "      <th>SEA</th>\n",
       "      <td>2976</td>\n",
       "      <td>2815</td>\n",
       "      <td>2684</td>\n",
       "      <td>3273</td>\n",
       "      <td>2013</td>\n",
       "      <td>0</td>\n",
       "      <td>808</td>\n",
       "      <td>1131</td>\n",
       "      <td>1307</td>\n",
       "    </tr>\n",
       "    <tr>\n",
       "      <th>SF</th>\n",
       "      <td>3095</td>\n",
       "      <td>2934</td>\n",
       "      <td>2799</td>\n",
       "      <td>3053</td>\n",
       "      <td>2142</td>\n",
       "      <td>808</td>\n",
       "      <td>0</td>\n",
       "      <td>379</td>\n",
       "      <td>1235</td>\n",
       "    </tr>\n",
       "    <tr>\n",
       "      <th>LA</th>\n",
       "      <td>2979</td>\n",
       "      <td>2786</td>\n",
       "      <td>2631</td>\n",
       "      <td>2687</td>\n",
       "      <td>2054</td>\n",
       "      <td>1131</td>\n",
       "      <td>379</td>\n",
       "      <td>0</td>\n",
       "      <td>1059</td>\n",
       "    </tr>\n",
       "    <tr>\n",
       "      <th>DEN</th>\n",
       "      <td>1949</td>\n",
       "      <td>1771</td>\n",
       "      <td>1616</td>\n",
       "      <td>2037</td>\n",
       "      <td>996</td>\n",
       "      <td>1307</td>\n",
       "      <td>1235</td>\n",
       "      <td>1059</td>\n",
       "      <td>0</td>\n",
       "    </tr>\n",
       "  </tbody>\n",
       "</table>\n",
       "</div>"
      ],
      "text/plain": [
       "      BOS    NY    DC   MIA   CHI   SEA    SF    LA   DEN\n",
       "BOS     0   206   429  1504   963  2976  3095  2979  1949\n",
       "NY    206     0   233  1308   802  2815  2934  2786  1771\n",
       "DC    429   233     0  1075   671  2684  2799  2631  1616\n",
       "MIA  1504  1308  1075     0  1329  3273  3053  2687  2037\n",
       "CHI   963   802   671  1329     0  2013  2142  2054   996\n",
       "SEA  2976  2815  2684  3273  2013     0   808  1131  1307\n",
       "SF   3095  2934  2799  3053  2142   808     0   379  1235\n",
       "LA   2979  2786  2631  2687  2054  1131   379     0  1059\n",
       "DEN  1949  1771  1616  2037   996  1307  1235  1059     0"
      ]
     },
     "execution_count": 4,
     "metadata": {},
     "output_type": "execute_result"
    }
   ],
   "source": [
    "single_merger = HAC(columns, proximities, 'single')\n",
    "single_merger.display()"
   ]
  },
  {
   "cell_type": "code",
   "execution_count": 5,
   "metadata": {},
   "outputs": [
    {
     "data": {
      "text/html": [
       "<div>\n",
       "<style>\n",
       "    .dataframe thead tr:only-child th {\n",
       "        text-align: right;\n",
       "    }\n",
       "\n",
       "    .dataframe thead th {\n",
       "        text-align: left;\n",
       "    }\n",
       "\n",
       "    .dataframe tbody tr th {\n",
       "        vertical-align: top;\n",
       "    }\n",
       "</style>\n",
       "<table border=\"1\" class=\"dataframe\">\n",
       "  <thead>\n",
       "    <tr style=\"text-align: right;\">\n",
       "      <th></th>\n",
       "      <th>BOS_NY</th>\n",
       "      <th>DC</th>\n",
       "      <th>MIA</th>\n",
       "      <th>CHI</th>\n",
       "      <th>SEA</th>\n",
       "      <th>SF</th>\n",
       "      <th>LA</th>\n",
       "      <th>DEN</th>\n",
       "    </tr>\n",
       "  </thead>\n",
       "  <tbody>\n",
       "    <tr>\n",
       "      <th>BOS_NY</th>\n",
       "      <td>0</td>\n",
       "      <td>233</td>\n",
       "      <td>1308</td>\n",
       "      <td>802</td>\n",
       "      <td>2815</td>\n",
       "      <td>2934</td>\n",
       "      <td>2786</td>\n",
       "      <td>1771</td>\n",
       "    </tr>\n",
       "    <tr>\n",
       "      <th>DC</th>\n",
       "      <td>233</td>\n",
       "      <td>0</td>\n",
       "      <td>1075</td>\n",
       "      <td>671</td>\n",
       "      <td>2684</td>\n",
       "      <td>2799</td>\n",
       "      <td>2631</td>\n",
       "      <td>1616</td>\n",
       "    </tr>\n",
       "    <tr>\n",
       "      <th>MIA</th>\n",
       "      <td>1308</td>\n",
       "      <td>1075</td>\n",
       "      <td>0</td>\n",
       "      <td>1329</td>\n",
       "      <td>3273</td>\n",
       "      <td>3053</td>\n",
       "      <td>2687</td>\n",
       "      <td>2037</td>\n",
       "    </tr>\n",
       "    <tr>\n",
       "      <th>CHI</th>\n",
       "      <td>802</td>\n",
       "      <td>671</td>\n",
       "      <td>1329</td>\n",
       "      <td>0</td>\n",
       "      <td>2013</td>\n",
       "      <td>2142</td>\n",
       "      <td>2054</td>\n",
       "      <td>996</td>\n",
       "    </tr>\n",
       "    <tr>\n",
       "      <th>SEA</th>\n",
       "      <td>2815</td>\n",
       "      <td>2684</td>\n",
       "      <td>3273</td>\n",
       "      <td>2013</td>\n",
       "      <td>0</td>\n",
       "      <td>808</td>\n",
       "      <td>1131</td>\n",
       "      <td>1307</td>\n",
       "    </tr>\n",
       "    <tr>\n",
       "      <th>SF</th>\n",
       "      <td>2934</td>\n",
       "      <td>2799</td>\n",
       "      <td>3053</td>\n",
       "      <td>2142</td>\n",
       "      <td>808</td>\n",
       "      <td>0</td>\n",
       "      <td>379</td>\n",
       "      <td>1235</td>\n",
       "    </tr>\n",
       "    <tr>\n",
       "      <th>LA</th>\n",
       "      <td>2786</td>\n",
       "      <td>2631</td>\n",
       "      <td>2687</td>\n",
       "      <td>2054</td>\n",
       "      <td>1131</td>\n",
       "      <td>379</td>\n",
       "      <td>0</td>\n",
       "      <td>1059</td>\n",
       "    </tr>\n",
       "    <tr>\n",
       "      <th>DEN</th>\n",
       "      <td>1771</td>\n",
       "      <td>1616</td>\n",
       "      <td>2037</td>\n",
       "      <td>996</td>\n",
       "      <td>1307</td>\n",
       "      <td>1235</td>\n",
       "      <td>1059</td>\n",
       "      <td>0</td>\n",
       "    </tr>\n",
       "  </tbody>\n",
       "</table>\n",
       "</div>"
      ],
      "text/plain": [
       "        BOS_NY    DC   MIA   CHI   SEA    SF    LA   DEN\n",
       "BOS_NY       0   233  1308   802  2815  2934  2786  1771\n",
       "DC         233     0  1075   671  2684  2799  2631  1616\n",
       "MIA       1308  1075     0  1329  3273  3053  2687  2037\n",
       "CHI        802   671  1329     0  2013  2142  2054   996\n",
       "SEA       2815  2684  3273  2013     0   808  1131  1307\n",
       "SF        2934  2799  3053  2142   808     0   379  1235\n",
       "LA        2786  2631  2687  2054  1131   379     0  1059\n",
       "DEN       1771  1616  2037   996  1307  1235  1059     0"
      ]
     },
     "execution_count": 5,
     "metadata": {},
     "output_type": "execute_result"
    }
   ],
   "source": [
    "single_merger.merge()\n",
    "single_merger.display()"
   ]
  },
  {
   "cell_type": "markdown",
   "metadata": {},
   "source": [
    "### Complete Link merging"
   ]
  },
  {
   "cell_type": "code",
   "execution_count": 6,
   "metadata": {},
   "outputs": [
    {
     "data": {
      "text/html": [
       "<div>\n",
       "<style>\n",
       "    .dataframe thead tr:only-child th {\n",
       "        text-align: right;\n",
       "    }\n",
       "\n",
       "    .dataframe thead th {\n",
       "        text-align: left;\n",
       "    }\n",
       "\n",
       "    .dataframe tbody tr th {\n",
       "        vertical-align: top;\n",
       "    }\n",
       "</style>\n",
       "<table border=\"1\" class=\"dataframe\">\n",
       "  <thead>\n",
       "    <tr style=\"text-align: right;\">\n",
       "      <th></th>\n",
       "      <th>BOS</th>\n",
       "      <th>NY</th>\n",
       "      <th>DC</th>\n",
       "      <th>MIA</th>\n",
       "      <th>CHI</th>\n",
       "      <th>SEA</th>\n",
       "      <th>SF</th>\n",
       "      <th>LA</th>\n",
       "      <th>DEN</th>\n",
       "    </tr>\n",
       "  </thead>\n",
       "  <tbody>\n",
       "    <tr>\n",
       "      <th>BOS</th>\n",
       "      <td>0</td>\n",
       "      <td>206</td>\n",
       "      <td>429</td>\n",
       "      <td>1504</td>\n",
       "      <td>963</td>\n",
       "      <td>2976</td>\n",
       "      <td>3095</td>\n",
       "      <td>2979</td>\n",
       "      <td>1949</td>\n",
       "    </tr>\n",
       "    <tr>\n",
       "      <th>NY</th>\n",
       "      <td>206</td>\n",
       "      <td>0</td>\n",
       "      <td>233</td>\n",
       "      <td>1308</td>\n",
       "      <td>802</td>\n",
       "      <td>2815</td>\n",
       "      <td>2934</td>\n",
       "      <td>2786</td>\n",
       "      <td>1771</td>\n",
       "    </tr>\n",
       "    <tr>\n",
       "      <th>DC</th>\n",
       "      <td>429</td>\n",
       "      <td>233</td>\n",
       "      <td>0</td>\n",
       "      <td>1075</td>\n",
       "      <td>671</td>\n",
       "      <td>2684</td>\n",
       "      <td>2799</td>\n",
       "      <td>2631</td>\n",
       "      <td>1616</td>\n",
       "    </tr>\n",
       "    <tr>\n",
       "      <th>MIA</th>\n",
       "      <td>1504</td>\n",
       "      <td>1308</td>\n",
       "      <td>1075</td>\n",
       "      <td>0</td>\n",
       "      <td>1329</td>\n",
       "      <td>3273</td>\n",
       "      <td>3053</td>\n",
       "      <td>2687</td>\n",
       "      <td>2037</td>\n",
       "    </tr>\n",
       "    <tr>\n",
       "      <th>CHI</th>\n",
       "      <td>963</td>\n",
       "      <td>802</td>\n",
       "      <td>671</td>\n",
       "      <td>1329</td>\n",
       "      <td>0</td>\n",
       "      <td>2013</td>\n",
       "      <td>2142</td>\n",
       "      <td>2054</td>\n",
       "      <td>996</td>\n",
       "    </tr>\n",
       "    <tr>\n",
       "      <th>SEA</th>\n",
       "      <td>2976</td>\n",
       "      <td>2815</td>\n",
       "      <td>2684</td>\n",
       "      <td>3273</td>\n",
       "      <td>2013</td>\n",
       "      <td>0</td>\n",
       "      <td>808</td>\n",
       "      <td>1131</td>\n",
       "      <td>1307</td>\n",
       "    </tr>\n",
       "    <tr>\n",
       "      <th>SF</th>\n",
       "      <td>3095</td>\n",
       "      <td>2934</td>\n",
       "      <td>2799</td>\n",
       "      <td>3053</td>\n",
       "      <td>2142</td>\n",
       "      <td>808</td>\n",
       "      <td>0</td>\n",
       "      <td>379</td>\n",
       "      <td>1235</td>\n",
       "    </tr>\n",
       "    <tr>\n",
       "      <th>LA</th>\n",
       "      <td>2979</td>\n",
       "      <td>2786</td>\n",
       "      <td>2631</td>\n",
       "      <td>2687</td>\n",
       "      <td>2054</td>\n",
       "      <td>1131</td>\n",
       "      <td>379</td>\n",
       "      <td>0</td>\n",
       "      <td>1059</td>\n",
       "    </tr>\n",
       "    <tr>\n",
       "      <th>DEN</th>\n",
       "      <td>1949</td>\n",
       "      <td>1771</td>\n",
       "      <td>1616</td>\n",
       "      <td>2037</td>\n",
       "      <td>996</td>\n",
       "      <td>1307</td>\n",
       "      <td>1235</td>\n",
       "      <td>1059</td>\n",
       "      <td>0</td>\n",
       "    </tr>\n",
       "  </tbody>\n",
       "</table>\n",
       "</div>"
      ],
      "text/plain": [
       "      BOS    NY    DC   MIA   CHI   SEA    SF    LA   DEN\n",
       "BOS     0   206   429  1504   963  2976  3095  2979  1949\n",
       "NY    206     0   233  1308   802  2815  2934  2786  1771\n",
       "DC    429   233     0  1075   671  2684  2799  2631  1616\n",
       "MIA  1504  1308  1075     0  1329  3273  3053  2687  2037\n",
       "CHI   963   802   671  1329     0  2013  2142  2054   996\n",
       "SEA  2976  2815  2684  3273  2013     0   808  1131  1307\n",
       "SF   3095  2934  2799  3053  2142   808     0   379  1235\n",
       "LA   2979  2786  2631  2687  2054  1131   379     0  1059\n",
       "DEN  1949  1771  1616  2037   996  1307  1235  1059     0"
      ]
     },
     "execution_count": 6,
     "metadata": {},
     "output_type": "execute_result"
    }
   ],
   "source": [
    "complete_merger = HAC(columns, proximities, 'complete')\n",
    "complete_merger.display()"
   ]
  },
  {
   "cell_type": "code",
   "execution_count": 7,
   "metadata": {},
   "outputs": [
    {
     "data": {
      "text/html": [
       "<div>\n",
       "<style>\n",
       "    .dataframe thead tr:only-child th {\n",
       "        text-align: right;\n",
       "    }\n",
       "\n",
       "    .dataframe thead th {\n",
       "        text-align: left;\n",
       "    }\n",
       "\n",
       "    .dataframe tbody tr th {\n",
       "        vertical-align: top;\n",
       "    }\n",
       "</style>\n",
       "<table border=\"1\" class=\"dataframe\">\n",
       "  <thead>\n",
       "    <tr style=\"text-align: right;\">\n",
       "      <th></th>\n",
       "      <th>BOS_NY</th>\n",
       "      <th>DC</th>\n",
       "      <th>MIA</th>\n",
       "      <th>CHI</th>\n",
       "      <th>SEA</th>\n",
       "      <th>SF</th>\n",
       "      <th>LA</th>\n",
       "      <th>DEN</th>\n",
       "    </tr>\n",
       "  </thead>\n",
       "  <tbody>\n",
       "    <tr>\n",
       "      <th>BOS_NY</th>\n",
       "      <td>0</td>\n",
       "      <td>429</td>\n",
       "      <td>1504</td>\n",
       "      <td>963</td>\n",
       "      <td>2976</td>\n",
       "      <td>3095</td>\n",
       "      <td>2979</td>\n",
       "      <td>1949</td>\n",
       "    </tr>\n",
       "    <tr>\n",
       "      <th>DC</th>\n",
       "      <td>429</td>\n",
       "      <td>0</td>\n",
       "      <td>1075</td>\n",
       "      <td>671</td>\n",
       "      <td>2684</td>\n",
       "      <td>2799</td>\n",
       "      <td>2631</td>\n",
       "      <td>1616</td>\n",
       "    </tr>\n",
       "    <tr>\n",
       "      <th>MIA</th>\n",
       "      <td>1504</td>\n",
       "      <td>1075</td>\n",
       "      <td>0</td>\n",
       "      <td>1329</td>\n",
       "      <td>3273</td>\n",
       "      <td>3053</td>\n",
       "      <td>2687</td>\n",
       "      <td>2037</td>\n",
       "    </tr>\n",
       "    <tr>\n",
       "      <th>CHI</th>\n",
       "      <td>963</td>\n",
       "      <td>671</td>\n",
       "      <td>1329</td>\n",
       "      <td>0</td>\n",
       "      <td>2013</td>\n",
       "      <td>2142</td>\n",
       "      <td>2054</td>\n",
       "      <td>996</td>\n",
       "    </tr>\n",
       "    <tr>\n",
       "      <th>SEA</th>\n",
       "      <td>2976</td>\n",
       "      <td>2684</td>\n",
       "      <td>3273</td>\n",
       "      <td>2013</td>\n",
       "      <td>0</td>\n",
       "      <td>808</td>\n",
       "      <td>1131</td>\n",
       "      <td>1307</td>\n",
       "    </tr>\n",
       "    <tr>\n",
       "      <th>SF</th>\n",
       "      <td>3095</td>\n",
       "      <td>2799</td>\n",
       "      <td>3053</td>\n",
       "      <td>2142</td>\n",
       "      <td>808</td>\n",
       "      <td>0</td>\n",
       "      <td>379</td>\n",
       "      <td>1235</td>\n",
       "    </tr>\n",
       "    <tr>\n",
       "      <th>LA</th>\n",
       "      <td>2979</td>\n",
       "      <td>2631</td>\n",
       "      <td>2687</td>\n",
       "      <td>2054</td>\n",
       "      <td>1131</td>\n",
       "      <td>379</td>\n",
       "      <td>0</td>\n",
       "      <td>1059</td>\n",
       "    </tr>\n",
       "    <tr>\n",
       "      <th>DEN</th>\n",
       "      <td>1949</td>\n",
       "      <td>1616</td>\n",
       "      <td>2037</td>\n",
       "      <td>996</td>\n",
       "      <td>1307</td>\n",
       "      <td>1235</td>\n",
       "      <td>1059</td>\n",
       "      <td>0</td>\n",
       "    </tr>\n",
       "  </tbody>\n",
       "</table>\n",
       "</div>"
      ],
      "text/plain": [
       "        BOS_NY    DC   MIA   CHI   SEA    SF    LA   DEN\n",
       "BOS_NY       0   429  1504   963  2976  3095  2979  1949\n",
       "DC         429     0  1075   671  2684  2799  2631  1616\n",
       "MIA       1504  1075     0  1329  3273  3053  2687  2037\n",
       "CHI        963   671  1329     0  2013  2142  2054   996\n",
       "SEA       2976  2684  3273  2013     0   808  1131  1307\n",
       "SF        3095  2799  3053  2142   808     0   379  1235\n",
       "LA        2979  2631  2687  2054  1131   379     0  1059\n",
       "DEN       1949  1616  2037   996  1307  1235  1059     0"
      ]
     },
     "execution_count": 7,
     "metadata": {},
     "output_type": "execute_result"
    }
   ],
   "source": [
    "complete_merger.merge()\n",
    "complete_merger.display()"
   ]
  },
  {
   "cell_type": "markdown",
   "metadata": {},
   "source": [
    "### Average Link merging"
   ]
  },
  {
   "cell_type": "code",
   "execution_count": 8,
   "metadata": {},
   "outputs": [
    {
     "data": {
      "text/html": [
       "<div>\n",
       "<style>\n",
       "    .dataframe thead tr:only-child th {\n",
       "        text-align: right;\n",
       "    }\n",
       "\n",
       "    .dataframe thead th {\n",
       "        text-align: left;\n",
       "    }\n",
       "\n",
       "    .dataframe tbody tr th {\n",
       "        vertical-align: top;\n",
       "    }\n",
       "</style>\n",
       "<table border=\"1\" class=\"dataframe\">\n",
       "  <thead>\n",
       "    <tr style=\"text-align: right;\">\n",
       "      <th></th>\n",
       "      <th>BOS</th>\n",
       "      <th>NY</th>\n",
       "      <th>DC</th>\n",
       "      <th>MIA</th>\n",
       "      <th>CHI</th>\n",
       "      <th>SEA</th>\n",
       "      <th>SF</th>\n",
       "      <th>LA</th>\n",
       "      <th>DEN</th>\n",
       "    </tr>\n",
       "  </thead>\n",
       "  <tbody>\n",
       "    <tr>\n",
       "      <th>BOS</th>\n",
       "      <td>0</td>\n",
       "      <td>206</td>\n",
       "      <td>429</td>\n",
       "      <td>1504</td>\n",
       "      <td>963</td>\n",
       "      <td>2976</td>\n",
       "      <td>3095</td>\n",
       "      <td>2979</td>\n",
       "      <td>1949</td>\n",
       "    </tr>\n",
       "    <tr>\n",
       "      <th>NY</th>\n",
       "      <td>206</td>\n",
       "      <td>0</td>\n",
       "      <td>233</td>\n",
       "      <td>1308</td>\n",
       "      <td>802</td>\n",
       "      <td>2815</td>\n",
       "      <td>2934</td>\n",
       "      <td>2786</td>\n",
       "      <td>1771</td>\n",
       "    </tr>\n",
       "    <tr>\n",
       "      <th>DC</th>\n",
       "      <td>429</td>\n",
       "      <td>233</td>\n",
       "      <td>0</td>\n",
       "      <td>1075</td>\n",
       "      <td>671</td>\n",
       "      <td>2684</td>\n",
       "      <td>2799</td>\n",
       "      <td>2631</td>\n",
       "      <td>1616</td>\n",
       "    </tr>\n",
       "    <tr>\n",
       "      <th>MIA</th>\n",
       "      <td>1504</td>\n",
       "      <td>1308</td>\n",
       "      <td>1075</td>\n",
       "      <td>0</td>\n",
       "      <td>1329</td>\n",
       "      <td>3273</td>\n",
       "      <td>3053</td>\n",
       "      <td>2687</td>\n",
       "      <td>2037</td>\n",
       "    </tr>\n",
       "    <tr>\n",
       "      <th>CHI</th>\n",
       "      <td>963</td>\n",
       "      <td>802</td>\n",
       "      <td>671</td>\n",
       "      <td>1329</td>\n",
       "      <td>0</td>\n",
       "      <td>2013</td>\n",
       "      <td>2142</td>\n",
       "      <td>2054</td>\n",
       "      <td>996</td>\n",
       "    </tr>\n",
       "    <tr>\n",
       "      <th>SEA</th>\n",
       "      <td>2976</td>\n",
       "      <td>2815</td>\n",
       "      <td>2684</td>\n",
       "      <td>3273</td>\n",
       "      <td>2013</td>\n",
       "      <td>0</td>\n",
       "      <td>808</td>\n",
       "      <td>1131</td>\n",
       "      <td>1307</td>\n",
       "    </tr>\n",
       "    <tr>\n",
       "      <th>SF</th>\n",
       "      <td>3095</td>\n",
       "      <td>2934</td>\n",
       "      <td>2799</td>\n",
       "      <td>3053</td>\n",
       "      <td>2142</td>\n",
       "      <td>808</td>\n",
       "      <td>0</td>\n",
       "      <td>379</td>\n",
       "      <td>1235</td>\n",
       "    </tr>\n",
       "    <tr>\n",
       "      <th>LA</th>\n",
       "      <td>2979</td>\n",
       "      <td>2786</td>\n",
       "      <td>2631</td>\n",
       "      <td>2687</td>\n",
       "      <td>2054</td>\n",
       "      <td>1131</td>\n",
       "      <td>379</td>\n",
       "      <td>0</td>\n",
       "      <td>1059</td>\n",
       "    </tr>\n",
       "    <tr>\n",
       "      <th>DEN</th>\n",
       "      <td>1949</td>\n",
       "      <td>1771</td>\n",
       "      <td>1616</td>\n",
       "      <td>2037</td>\n",
       "      <td>996</td>\n",
       "      <td>1307</td>\n",
       "      <td>1235</td>\n",
       "      <td>1059</td>\n",
       "      <td>0</td>\n",
       "    </tr>\n",
       "  </tbody>\n",
       "</table>\n",
       "</div>"
      ],
      "text/plain": [
       "      BOS    NY    DC   MIA   CHI   SEA    SF    LA   DEN\n",
       "BOS     0   206   429  1504   963  2976  3095  2979  1949\n",
       "NY    206     0   233  1308   802  2815  2934  2786  1771\n",
       "DC    429   233     0  1075   671  2684  2799  2631  1616\n",
       "MIA  1504  1308  1075     0  1329  3273  3053  2687  2037\n",
       "CHI   963   802   671  1329     0  2013  2142  2054   996\n",
       "SEA  2976  2815  2684  3273  2013     0   808  1131  1307\n",
       "SF   3095  2934  2799  3053  2142   808     0   379  1235\n",
       "LA   2979  2786  2631  2687  2054  1131   379     0  1059\n",
       "DEN  1949  1771  1616  2037   996  1307  1235  1059     0"
      ]
     },
     "execution_count": 8,
     "metadata": {},
     "output_type": "execute_result"
    }
   ],
   "source": [
    "average_merger = HAC(columns, proximities, 'average')\n",
    "average_merger.display()"
   ]
  },
  {
   "cell_type": "code",
   "execution_count": 9,
   "metadata": {},
   "outputs": [
    {
     "data": {
      "text/html": [
       "<div>\n",
       "<style>\n",
       "    .dataframe thead tr:only-child th {\n",
       "        text-align: right;\n",
       "    }\n",
       "\n",
       "    .dataframe thead th {\n",
       "        text-align: left;\n",
       "    }\n",
       "\n",
       "    .dataframe tbody tr th {\n",
       "        vertical-align: top;\n",
       "    }\n",
       "</style>\n",
       "<table border=\"1\" class=\"dataframe\">\n",
       "  <thead>\n",
       "    <tr style=\"text-align: right;\">\n",
       "      <th></th>\n",
       "      <th>BOS_NY</th>\n",
       "      <th>DC</th>\n",
       "      <th>MIA</th>\n",
       "      <th>CHI</th>\n",
       "      <th>SEA</th>\n",
       "      <th>SF</th>\n",
       "      <th>LA</th>\n",
       "      <th>DEN</th>\n",
       "    </tr>\n",
       "  </thead>\n",
       "  <tbody>\n",
       "    <tr>\n",
       "      <th>BOS_NY</th>\n",
       "      <td>0.0</td>\n",
       "      <td>331.0</td>\n",
       "      <td>1406.0</td>\n",
       "      <td>882.5</td>\n",
       "      <td>2895.5</td>\n",
       "      <td>3014.5</td>\n",
       "      <td>2882.5</td>\n",
       "      <td>1860.0</td>\n",
       "    </tr>\n",
       "    <tr>\n",
       "      <th>DC</th>\n",
       "      <td>331.0</td>\n",
       "      <td>0.0</td>\n",
       "      <td>1075.0</td>\n",
       "      <td>671.0</td>\n",
       "      <td>2684.0</td>\n",
       "      <td>2799.0</td>\n",
       "      <td>2631.0</td>\n",
       "      <td>1616.0</td>\n",
       "    </tr>\n",
       "    <tr>\n",
       "      <th>MIA</th>\n",
       "      <td>1406.0</td>\n",
       "      <td>1075.0</td>\n",
       "      <td>0.0</td>\n",
       "      <td>1329.0</td>\n",
       "      <td>3273.0</td>\n",
       "      <td>3053.0</td>\n",
       "      <td>2687.0</td>\n",
       "      <td>2037.0</td>\n",
       "    </tr>\n",
       "    <tr>\n",
       "      <th>CHI</th>\n",
       "      <td>882.5</td>\n",
       "      <td>671.0</td>\n",
       "      <td>1329.0</td>\n",
       "      <td>0.0</td>\n",
       "      <td>2013.0</td>\n",
       "      <td>2142.0</td>\n",
       "      <td>2054.0</td>\n",
       "      <td>996.0</td>\n",
       "    </tr>\n",
       "    <tr>\n",
       "      <th>SEA</th>\n",
       "      <td>2895.5</td>\n",
       "      <td>2684.0</td>\n",
       "      <td>3273.0</td>\n",
       "      <td>2013.0</td>\n",
       "      <td>0.0</td>\n",
       "      <td>808.0</td>\n",
       "      <td>1131.0</td>\n",
       "      <td>1307.0</td>\n",
       "    </tr>\n",
       "    <tr>\n",
       "      <th>SF</th>\n",
       "      <td>3014.5</td>\n",
       "      <td>2799.0</td>\n",
       "      <td>3053.0</td>\n",
       "      <td>2142.0</td>\n",
       "      <td>808.0</td>\n",
       "      <td>0.0</td>\n",
       "      <td>379.0</td>\n",
       "      <td>1235.0</td>\n",
       "    </tr>\n",
       "    <tr>\n",
       "      <th>LA</th>\n",
       "      <td>2882.5</td>\n",
       "      <td>2631.0</td>\n",
       "      <td>2687.0</td>\n",
       "      <td>2054.0</td>\n",
       "      <td>1131.0</td>\n",
       "      <td>379.0</td>\n",
       "      <td>0.0</td>\n",
       "      <td>1059.0</td>\n",
       "    </tr>\n",
       "    <tr>\n",
       "      <th>DEN</th>\n",
       "      <td>1860.0</td>\n",
       "      <td>1616.0</td>\n",
       "      <td>2037.0</td>\n",
       "      <td>996.0</td>\n",
       "      <td>1307.0</td>\n",
       "      <td>1235.0</td>\n",
       "      <td>1059.0</td>\n",
       "      <td>0.0</td>\n",
       "    </tr>\n",
       "  </tbody>\n",
       "</table>\n",
       "</div>"
      ],
      "text/plain": [
       "        BOS_NY      DC     MIA     CHI     SEA      SF      LA     DEN\n",
       "BOS_NY     0.0   331.0  1406.0   882.5  2895.5  3014.5  2882.5  1860.0\n",
       "DC       331.0     0.0  1075.0   671.0  2684.0  2799.0  2631.0  1616.0\n",
       "MIA     1406.0  1075.0     0.0  1329.0  3273.0  3053.0  2687.0  2037.0\n",
       "CHI      882.5   671.0  1329.0     0.0  2013.0  2142.0  2054.0   996.0\n",
       "SEA     2895.5  2684.0  3273.0  2013.0     0.0   808.0  1131.0  1307.0\n",
       "SF      3014.5  2799.0  3053.0  2142.0   808.0     0.0   379.0  1235.0\n",
       "LA      2882.5  2631.0  2687.0  2054.0  1131.0   379.0     0.0  1059.0\n",
       "DEN     1860.0  1616.0  2037.0   996.0  1307.0  1235.0  1059.0     0.0"
      ]
     },
     "execution_count": 9,
     "metadata": {},
     "output_type": "execute_result"
    }
   ],
   "source": [
    "average_merger.merge()\n",
    "average_merger.display()"
   ]
  },
  {
   "cell_type": "code",
   "execution_count": null,
   "metadata": {
    "collapsed": true
   },
   "outputs": [],
   "source": []
  }
 ],
 "metadata": {
  "kernelspec": {
   "display_name": "Python 3",
   "language": "python",
   "name": "python3"
  },
  "language_info": {
   "codemirror_mode": {
    "name": "ipython",
    "version": 3
   },
   "file_extension": ".py",
   "mimetype": "text/x-python",
   "name": "python",
   "nbconvert_exporter": "python",
   "pygments_lexer": "ipython3",
   "version": "3.6.3"
  }
 },
 "nbformat": 4,
 "nbformat_minor": 2
}
